handeye_samples:
  - T_marker_to_camera:
      data: [0.0082, 0.9973, 0.0732, 0.0508, 0.9885, 0.0029, -0.1514, 0.0003, -0.1512, 0.0736, -0.9858, 0.5100, 0.0000, 0.0000, 0.0000, 1.0000]
    T_ee_to_base:
      data: [-0.0062, 0.9962, -0.0871, 0.5531, 0.9886, -0.0070, -0.1503, 0.1904, -0.1503, -0.0871, -0.9848, 0.5857, 0.0000, 0.0000, 0.0000, 1.0000]
  - T_marker_to_camera:
      data: [0.0308, 0.9964, 0.0786, 0.0502, 0.9514, -0.0051, -0.3078, -0.0007, -0.3063, 0.0843, -0.9482, 0.5094, 0.0000, 0.0000, 0.0000, 1.0000]
    T_ee_to_base:
      data: [0.0006, 0.9960, -0.0890, 0.5544, 0.9452, -0.0296, -0.3252, 0.2933, -0.3265, -0.0839, -0.9415, 0.5412, 0.0000, 0.0000, 0.0000, 1.0000]
  - T_marker_to_camera:
      data: [0.0031, 1.0000, 0.0058, 0.0500, 0.8775, 0.0001, -0.4796, -0.0006, -0.4796, 0.0066, -0.8775, 0.5055, 0.0000, 0.0000, 0.0000, 1.0000]
    T_ee_to_base:
      data: [-0.0000, 1.0000, -0.0044, 0.5023, 0.8692, -0.0022, -0.4945, 0.3888, -0.4945, -0.0039, -0.8692, 0.4802, 0.0000, 0.0000, 0.0000, 1.0000]
  - T_marker_to_camera:
      data: [-0.0785, 0.9933, -0.0845, 0.0489, 0.7265, -0.0011, -0.6872, -0.0005, -0.6827, -0.1154, -0.7216, 0.4996, 0.0000, 0.0000, 0.0000, 1.0000]
    T_ee_to_base:
      data: [-0.0008, 0.9932, 0.1162, 0.4284, 0.7181, 0.0814, -0.6912, 0.4932, -0.6960, 0.0829, -0.7133, 0.3648, 0.0000, 0.0000, 0.0000, 1.0000]
  - T_marker_to_camera:
      data: [-0.1137, 0.9672, -0.2272, 0.0485, 0.8913, -0.0017, -0.4533, -0.0005, -0.4389, -0.2540, -0.8619, 0.4916, 0.0000, 0.0000, 0.0000, 1.0000]
    T_ee_to_base:
      data: [0.0001, 0.9687, 0.2482, 0.3486, 0.8930, 0.1116, -0.4360, 0.3556, -0.4500, 0.2217, -0.8651, 0.4828, 0.0000, 0.0000, 0.0000, 1.0000]
  - T_marker_to_camera:
      data: [-0.0527, 0.9683, -0.2441, 0.0480, 0.9756, -0.0022, -0.2194, -0.0001, -0.2130, -0.2497, -0.9446, 0.4926, 0.0000, 0.0000, 0.0000, 1.0000]
    T_ee_to_base:
      data: [0.0007, 0.9655, 0.2604, 0.3409, 0.9723, 0.0603, -0.2260, 0.2349, -0.2339, 0.2533, -0.9387, 0.5491, 0.0000, 0.0000, 0.0000, 1.0000]
  - T_marker_to_camera:
      data: [-0.0107, 0.9829, -0.1838, 0.0477, 0.9983, 0.0001, -0.0577, -0.0008, -0.0567, -0.1841, -0.9813, 0.4937, 0.0000, 0.0000, 0.0000, 1.0000]
    T_ee_to_base:
      data: [0.0001, 0.9866, 0.1634, 0.3996, 0.9980, 0.0102, -0.0620, 0.1384, -0.0628, 0.1631, -0.9846, 0.5939, 0.0000, 0.0000, 0.0000, 1.0000]
  - T_marker_to_camera:
      data: [-0.0102, -0.9992, -0.0389, -0.0534, -0.9999, 0.0102, -0.0002, 0.0010, 0.0006, 0.0389, -0.9992, 0.5064, 0.0000, 0.0000, 0.0000, 1.0000]
    T_ee_to_base:
      data: [-0.0081, -1.0000, 0.0026, 0.4994, -1.0000, 0.0081, 0.0017, -0.1003, -0.0017, -0.0026, -1.0000, 0.6105, 0.0000, 0.0000, 0.0000, 1.0000]
  - T_marker_to_camera:
      data: [0.0000, -0.9852, 0.1715, -0.0505, -1.0000, 0.0000, 0.0000, 0.0000, -0.0000, -0.1715, -0.9852, 0.4983, 0.0000, 0.0000, 0.0000, 1.0000]
    T_ee_to_base:
      data: [0.0007, -0.9870, 0.1609, 0.4018, -0.9982, 0.0089, 0.0589, -0.1359, -0.0595, -0.1607, -0.9852, 0.5956, 0.0000, 0.0000, 0.0000, 1.0000]
  - T_marker_to_camera:
      data: [-0.0604, -0.9657, 0.2524, -0.0483, -0.9763, 0.0044, -0.2165, -0.0003, 0.2080, -0.2595, -0.9431, 0.4912, 0.0000, 0.0000, 0.0000, 1.0000]
    T_ee_to_base:
      data: [-0.0007, -0.9662, 0.2580, 0.3418, -0.9744, 0.0586, 0.2169, -0.2301, -0.2247, -0.2512, -0.9415, 0.5513, 0.0000, 0.0000, 0.0000, 1.0000]
  - T_marker_to_camera:
      data: [-0.1134, -0.9666, 0.2298, -0.0491, -0.8947, -0.0012, -0.4466, -0.0005, 0.4319, -0.2563, -0.8647, 0.4926, 0.0000, 0.0000, 0.0000, 1.0000]
    T_ee_to_base:
      data: [0.0004, -0.9683, 0.2496, 0.3475, -0.8962, 0.1104, 0.4297, -0.3523, -0.4436, -0.2239, -0.8678, 0.4850, 0.0000, 0.0000, 0.0000, 1.0000]
  - T_marker_to_camera:
      data: [-0.0892, -0.9908, 0.1014, -0.0519, -0.7194, -0.0063, -0.6945, -0.0003, 0.6888, -0.1349, -0.7123, 0.4980, 0.0000, 0.0000, 0.0000, 1.0000]
    T_ee_to_base:
      data: [0.0013, -0.9920, 0.1261, 0.4242, -0.7151, 0.0872, 0.6936, -0.4954, -0.6990, -0.0911, -0.7093, 0.3631, 0.0000, 0.0000, 0.0000, 1.0000]
  - T_marker_to_camera:
      data: [0.0007, -1.0000, -0.0012, -0.0510, -0.8690, 0.0000, -0.4947, -0.0011, 0.4947, 0.0014, -0.8690, 0.5060, 0.0000, 0.0000, 0.0000, 1.0000]
    T_ee_to_base:
      data: [-0.0018, -1.0000, 0.0028, 0.4977, -0.8614, 0.0030, 0.5078, -0.3964, -0.5078, -0.0015, -0.8614, 0.4738, 0.0000, 0.0000, 0.0000, 1.0000]
  - T_marker_to_camera:
      data: [0.0295, -0.9957, -0.0881, -0.0506, -0.9424, 0.0017, -0.3346, -0.0005, 0.3333, 0.0929, -0.9383, 0.5080, 0.0000, 0.0000, 0.0000, 1.0000]
    T_ee_to_base:
      data: [-0.0012, -0.9963, -0.0859, 0.5520, -0.9404, -0.0281, 0.3390, -0.3009, -0.3402, 0.0812, -0.9369, 0.5369, 0.0000, 0.0000, 0.0000, 1.0000]
  - T_marker_to_camera:
      data: [0.0106, -0.9974, -0.0718, -0.0504, -0.9870, 0.0010, -0.1606, 0.0002, 0.1602, 0.0725, -0.9844, 0.5084, 0.0000, 0.0000, 0.0000, 1.0000]
    T_ee_to_base:
      data: [-0.0006, -0.9961, -0.0878, 0.5533, -0.9871, -0.0134, 0.1597, -0.1960, -0.1603, 0.0868, -0.9833, 0.5835, 0.0000, 0.0000, 0.0000, 1.0000]